0 0.313552 0.455185 0.141155 0.254355
0 0.490912 0.305996 0.169569 0.151635
0 0.422168 0.208167 0.123740 0.115764
0 0.536742 0.187786 0.145738 0.104351
0 0.308511 0.288876 0.094409 0.120656
0 0.258556 0.267680 0.065995 0.081524
0 0.211132 0.303765 0.061596 0.105409
0 0.208014 0.810006 0.116174 0.271845
0 0.273898 0.676858 0.112276 0.224688
0 0.397479 0.651199 0.169193 0.278779
0 0.494161 0.442461 0.198822 0.202497
0 0.331985 0.930662 0.187906 0.138676
0 0.479347 0.857163 0.284588 0.224688
0 0.485194 0.980593 0.141904 0.038815
0 0.696881 0.830107 0.178550 0.339786
0 0.616183 0.728175 0.316555 0.257975
0 0.564723 0.656747 0.286927 0.306519
0 0.566282 0.561740 0.221433 0.210818
0 0.147977 0.726788 0.106818 0.124827
0 0.762765 0.423737 0.081088 0.314840
0 0.655167 0.472281 0.180889 0.253814
0 0.108603 0.638716 0.077969 0.090153
0 0.247778 0.384209 0.078749 0.110957
0 0.327307 0.235110 0.108377 0.081831
0 0.710526 0.169923 0.160617 0.101248
0 0.679728 0.214999 0.167634 0.152566
0 0.723780 0.247593 0.135667 0.165049
0 0.634506 0.348841 0.178550 0.142857
0 0.089110 0.725401 0.068613 0.141470
0 0.852820 0.578383 0.083427 0.330097
0 0.903889 0.543709 0.112276 0.316227
0 0.883228 0.269784 0.108377 0.156727
0 0.871922 0.811393 0.176211 0.299584
0 0.935571 0.478522 0.128858 0.285714
0 0.945993 0.325263 0.092004 0.226075
0 0.970163 0.399465 0.056138 0.194175
0 0.956519 0.717773 0.080308 0.217753
0 0.059482 0.548564 0.076410 0.137309
