0 0.448291 0.193539 0.120990 0.102705
0 0.464789 0.367974 0.115490 0.246166
0 0.482204 0.820365 0.247479 0.355392
0 0.707227 0.831777 0.129239 0.332568
0 0.583488 0.659787 0.241063 0.164654
0 0.277347 0.643484 0.140238 0.278771
0 0.622443 0.509805 0.203483 0.187477
0 0.593570 0.301135 0.143905 0.272250
0 0.194853 0.688316 0.107241 0.277140
0 0.901545 0.208211 0.143905 0.125528
0 0.721893 0.282387 0.154904 0.238015
0 0.696228 0.226144 0.165903 0.158133
0 0.311719 0.467419 0.164986 0.229863
0 0.318135 0.411991 0.148488 0.193998
0 0.259473 0.246522 0.087993 0.094554
0 0.582113 0.216362 0.166819 0.184217
0 0.341508 0.230219 0.112741 0.127159
0 0.296137 0.915073 0.159487 0.169853
0 0.180646 0.839928 0.098992 0.130419
0 0.299803 0.336185 0.115490 0.195628
0 0.757182 0.434814 0.100825 0.304854
0 0.904714 0.628812 0.190573 0.334199
0 0.835550 0.881499 0.131072 0.229863
0 0.935000 0.910843 0.120990 0.171175
0 0.885046 0.403024 0.076077 0.211931
0 0.920793 0.451116 0.088909 0.203780
0 0.154065 0.643484 0.122823 0.252687
0 0.111902 0.560342 0.100825 0.210301
0 0.095862 0.726627 0.094409 0.145091
0 0.260390 0.353302 0.135655 0.174435
