0 0.418501 0.205807 0.123740 0.114736
0 0.558281 0.502482 0.188818 0.242586
0 0.760390 0.432821 0.076077 0.329458
0 0.728767 0.858165 0.102658 0.275368
0 0.591279 0.721301 0.218148 0.263894
0 0.431792 0.604926 0.210816 0.129488
0 0.576613 0.260716 0.159487 0.214721
0 0.621526 0.386926 0.216315 0.181939
0 0.545449 0.195153 0.152154 0.119654
0 0.481288 0.759000 0.282310 0.270450
0 0.456082 0.869256 0.314390 0.261488
0 0.352965 0.904496 0.240147 0.191007
0 0.264514 0.668031 0.134739 0.242586
0 0.221435 0.828662 0.140238 0.124571
0 0.336467 0.573783 0.157654 0.240947
0 0.323176 0.477896 0.147571 0.245864
0 0.290179 0.441836 0.114574 0.265533
0 0.302553 0.276288 0.069661 0.160631
0 0.337383 0.217280 0.098992 0.104902
0 0.690270 0.225476 0.137489 0.180300
0 0.726476 0.266453 0.138405 0.242586
0 0.111902 0.763918 0.078827 0.116376
0 0.147191 0.649181 0.116407 0.181939
0 0.098611 0.584437 0.083410 0.219638
0 0.220976 0.286942 0.056829 0.116376
0 0.236558 0.406595 0.064161 0.201608
0 0.271847 0.281205 0.085243 0.062286
0 0.909336 0.488550 0.091659 0.257337
0 0.875880 0.793858 0.138405 0.412285
0 0.920793 0.681143 0.151237 0.196691
0 0.863048 0.438558 0.101742 0.265533
0 0.902003 0.221378 0.144821 0.155714
0 0.959290 0.206626 0.068744 0.106541
0 0.885046 0.267273 0.103575 0.139323
0 0.980332 0.299235 0.039335 0.157353
