0 0.480371 0.797653 0.238313 0.265101
0 0.729684 0.790265 0.126489 0.419470
0 0.494578 0.682992 0.189734 0.201672
0 0.611902 0.517914 0.202566 0.258596
0 0.329592 0.923629 0.206233 0.152742
0 0.255348 0.662662 0.142071 0.245585
0 0.164148 0.818796 0.124656 0.151254
0 0.153149 0.720399 0.078827 0.133364
0 0.600445 0.321934 0.181485 0.191914
0 0.489079 0.456924 0.112741 0.318772
0 0.303011 0.500837 0.165903 0.211431
0 0.761306 0.431715 0.083410 0.304135
0 0.730600 0.287780 0.139322 0.221189
0 0.693020 0.207274 0.170486 0.154507
0 0.530325 0.209713 0.151237 0.175650
0 0.344258 0.373165 0.105408 0.112221
0 0.441416 0.385363 0.116407 0.279739
0 0.152232 0.644772 0.120990 0.187035
0 0.081196 0.593541 0.110907 0.185408
0 0.255807 0.330879 0.078827 0.105715
0 0.234725 0.386176 0.054995 0.102462
0 0.311719 0.288593 0.108158 0.095957
0 0.425834 0.250373 0.121907 0.094331
0 0.260848 0.249560 0.068744 0.082946
0 0.343799 0.228417 0.113657 0.099210
0 0.461123 0.202394 0.150321 0.095957
0 0.891462 0.247120 0.154904 0.152881
0 0.874047 0.413825 0.101742 0.242332
0 0.905630 0.595980 0.188740 0.297629
0 0.831884 0.890288 0.099908 0.219424
0 0.937253 0.892727 0.125495 0.214545
0 0.929042 0.439034 0.083410 0.188661
