0 0.269377 0.498793 0.154891 0.202790
0 0.351578 0.739003 0.186141 0.354883
0 0.430927 0.658134 0.138163 0.256588
0 0.234220 0.755221 0.135041 0.478502
0 0.158504 0.583238 0.089767 0.353675
0 0.250222 0.718467 0.185779 0.385576
0 0.475030 0.924421 0.201390 0.151159
0 0.304473 0.392530 0.180315 0.246879
0 0.254125 0.246899 0.167045 0.144244
0 0.163577 0.269091 0.093670 0.263523
0 0.263102 0.326650 0.180315 0.170596
0 0.442636 0.433446 0.155336 0.123440
0 0.434830 0.543709 0.160019 0.163662
0 0.401265 0.349535 0.138163 0.216366
0 0.426243 0.290589 0.136602 0.131761
0 0.475811 0.384209 0.145188 0.199723
0 0.539428 0.393224 0.069472 0.201110
0 0.766968 0.705984 0.099915 0.152566
0 0.724036 0.567981 0.079619 0.106796
0 0.716230 0.792669 0.143627 0.237171
0 0.608900 0.367565 0.100695 0.077670
0 0.610851 0.413335 0.118649 0.119279
0 0.604216 0.436220 0.111623 0.109570
0 0.691251 0.452863 0.045274 0.109570
0 0.779457 0.689340 0.095231 0.174757
0 0.697496 0.621379 0.070252 0.110957
0 0.064616 0.192114 0.129232 0.117892
0 0.522255 0.582544 0.110062 0.085992
0 0.023853 0.522211 0.042151 0.386963
0 0.078104 0.305152 0.096012 0.227462
