0 0.510619 0.257428 0.117324 0.155720
0 0.308052 0.500843 0.150321 0.163916
0 0.503286 0.435277 0.170486 0.199977
0 0.295678 0.298407 0.121907 0.122937
0 0.433625 0.554116 0.188818 0.165555
0 0.258556 0.716393 0.091659 0.267183
0 0.422168 0.219728 0.132906 0.158998
0 0.542699 0.188584 0.137489 0.109824
0 0.657732 0.462323 0.180568 0.267183
0 0.594487 0.559853 0.248396 0.190142
0 0.697145 0.200058 0.191567 0.132772
0 0.605944 0.669677 0.249313 0.154081
0 0.157273 0.700821 0.107241 0.147524
0 0.131609 0.764748 0.068744 0.114741
0 0.194395 0.859819 0.115490 0.180307
0 0.110527 0.640991 0.087076 0.109824
0 0.245266 0.394298 0.079743 0.157359
0 0.398336 0.647548 0.215399 0.227843
0 0.519785 0.781959 0.320807 0.224565
0 0.253057 0.270542 0.062328 0.106545
0 0.219143 0.277098 0.058662 0.099989
0 0.722809 0.269722 0.145738 0.134411
0 0.762681 0.417246 0.106324 0.298327
0 0.461581 0.869261 0.303391 0.261479
0 0.869922 0.512317 0.071494 0.281935
0 0.911627 0.239398 0.134739 0.172112
0 0.942752 0.320536 0.114496 0.203256
0 0.691645 0.837690 0.195234 0.319636
0 0.874505 0.800809 0.168653 0.311440
0 0.960206 0.689346 0.076077 0.268822
0 0.974872 0.426262 0.041247 0.099989
0 0.887796 0.863097 0.206233 0.272100
0 0.058740 0.517235 0.065995 0.190142
0 0.325926 0.254970 0.120073 0.137689
0 0.624276 0.345123 0.183318 0.170472
0 0.669189 0.235300 0.153987 0.124576
