0 0.687521 0.821973 0.120990 0.353577
0 0.569281 0.646807 0.207149 0.197873
0 0.753515 0.427037 0.075160 0.319517
0 0.250307 0.691409 0.095325 0.313029
0 0.405211 0.519486 0.150321 0.241665
0 0.375880 0.653294 0.172319 0.184898
0 0.465706 0.781425 0.234647 0.171923
0 0.543616 0.448933 0.157654 0.301676
0 0.830967 0.744932 0.120073 0.410344
0 0.297970 0.418928 0.117324 0.300054
0 0.434542 0.205646 0.120990 0.162191
0 0.336467 0.221865 0.104491 0.087583
0 0.223268 0.259980 0.068744 0.076230
0 0.265889 0.247005 0.056829 0.076230
0 0.566531 0.218621 0.141155 0.165435
0 0.864881 0.197537 0.099908 0.178411
0 0.845174 0.360539 0.082493 0.283835
0 0.962039 0.425415 0.066911 0.218958
0 0.921212 0.732768 0.157576 0.230312
0 0.951499 0.776560 0.086159 0.171923
0 0.897878 0.905502 0.202566 0.176789
0 0.183396 0.830894 0.117324 0.180032
0 0.118776 0.731957 0.083410 0.141106
0 0.152232 0.678434 0.089826 0.098937
0 0.238391 0.418928 0.053162 0.193008
0 0.230600 0.324046 0.094409 0.087583
0 0.102736 0.551114 0.064161 0.168679
0 0.076613 0.669513 0.057745 0.084340
0 0.645816 0.318369 0.165903 0.186520
0 0.563781 0.366216 0.122823 0.188142
0 0.704478 0.174019 0.149404 0.124887
0 0.720518 0.255925 0.133822 0.168679
0 0.688437 0.225920 0.150321 0.228690
0 0.973955 0.177263 0.043080 0.124887
0 0.149940 0.587607 0.085243 0.092449
0 0.323634 0.932882 0.177819 0.134235
