0 0.412544 0.566134 0.243813 0.270972
0 0.440041 0.780790 0.181485 0.272604
0 0.254432 0.716311 0.263061 0.339531
0 0.182938 0.820611 0.127406 0.358777
0 0.369006 0.904678 0.274060 0.190644
0 0.544074 0.911207 0.184235 0.177585
0 0.654982 0.945487 0.167736 0.109026
0 0.212269 0.504921 0.213566 0.145280
0 0.237933 0.340868 0.068744 0.274237
0 0.181563 0.348214 0.130156 0.262810
0 0.332342 0.381677 0.101742 0.284031
0 0.266347 0.230684 0.178735 0.135486
0 0.042660 0.180897 0.085321 0.114265
0 0.068364 0.838567 0.079743 0.322865
0 0.044074 0.504105 0.087993 0.143648
0 0.039491 0.695907 0.078827 0.301987
0 0.405211 0.280471 0.139322 0.140383
0 0.419418 0.348214 0.147571 0.184457
0 0.508786 0.477171 0.139322 0.187722
0 0.750765 0.645304 0.106324 0.181192
0 0.782846 0.731819 0.093492 0.093045
0 0.794303 0.698355 0.101742 0.169766
0 0.808052 0.849349 0.077910 0.112633
0 0.551407 0.400450 0.068744 0.168133
0 0.489079 0.353927 0.087076 0.189354
0 0.619693 0.380045 0.082493 0.120795
0 0.677438 0.429832 0.075160 0.142015
0 0.732434 0.537568 0.087993 0.128957
0 0.082571 0.281287 0.091659 0.259545
0 0.689354 0.728554 0.117324 0.128957
0 0.473955 0.424935 0.139322 0.115898
