0 0.149482 0.631248 0.089826 0.511857
0 0.264973 0.517955 0.197984 0.239627
0 0.197145 0.345978 0.146654 0.228216
0 0.256723 0.235130 0.163153 0.123889
0 0.345174 0.742096 0.237397 0.352105
0 0.227851 0.698083 0.182401 0.286901
0 0.270472 0.848869 0.252979 0.285270
0 0.476247 0.926299 0.206233 0.136930
0 0.295220 0.330491 0.126489 0.122259
0 0.423543 0.292999 0.135655 0.132039
0 0.406586 0.345978 0.136572 0.195614
0 0.429501 0.429929 0.167736 0.128779
0 0.485871 0.405477 0.142988 0.213545
0 0.445083 0.528551 0.184235 0.136930
0 0.432250 0.646734 0.143905 0.255928
0 0.539033 0.396511 0.069661 0.172792
0 0.614193 0.378580 0.111824 0.094547
0 0.769556 0.715199 0.088909 0.151601
0 0.726934 0.572564 0.073327 0.110848
0 0.759931 0.626358 0.087993 0.097807
0 0.693937 0.723350 0.093492 0.083136
0 0.612819 0.442969 0.123740 0.118999
0 0.057326 0.191931 0.114652 0.154861
0 0.069739 0.287293 0.064161 0.218436
0 0.029867 0.515510 0.057745 0.374927
0 0.545449 0.575824 0.133822 0.107588
