0 0.316302 0.433974 0.157654 0.293555
0 0.488162 0.304320 0.164070 0.138623
0 0.413918 0.194237 0.123740 0.123945
0 0.537200 0.198314 0.168653 0.112529
0 0.275055 0.659848 0.109991 0.239736
0 0.398795 0.644355 0.175985 0.290293
0 0.470289 0.875937 0.263978 0.192441
0 0.558281 0.666371 0.274977 0.298447
0 0.595403 0.728344 0.248396 0.259307
0 0.705853 0.825439 0.179652 0.349122
0 0.209519 0.791948 0.118240 0.272354
0 0.172397 0.650063 0.111824 0.291924
0 0.570197 0.535087 0.207149 0.238106
0 0.759473 0.411142 0.083410 0.309863
0 0.494120 0.431527 0.207149 0.207119
0 0.715477 0.193422 0.169569 0.141885
0 0.660940 0.465776 0.164986 0.239736
0 0.638483 0.317367 0.195234 0.203858
0 0.727851 0.243163 0.150321 0.143516
