0 0.539950 0.379024 0.208983 0.263401
0 0.483121 0.820221 0.247479 0.342422
0 0.586696 0.668765 0.245646 0.167918
0 0.620151 0.511548 0.198900 0.205782
0 0.691645 0.211928 0.162236 0.149810
0 0.402003 0.240738 0.125573 0.174503
0 0.417127 0.396309 0.084326 0.258463
0 0.282846 0.673704 0.131072 0.273279
0 0.195770 0.695929 0.121907 0.248585
0 0.309886 0.501670 0.150321 0.209075
0 0.712727 0.821213 0.123740 0.357575
0 0.723726 0.278602 0.147571 0.240354
0 0.752599 0.448990 0.097159 0.344068
0 0.182479 0.842446 0.102658 0.169565
0 0.298886 0.925750 0.179652 0.148500
0 0.253057 0.244854 0.087993 0.093837
0 0.348841 0.227568 0.114574 0.098776
0 0.450124 0.200405 0.109991 0.100422
0 0.151315 0.673704 0.128323 0.214014
0 0.906127 0.225099 0.142071 0.139932
0 0.880005 0.402071 0.089826 0.227184
0 0.904294 0.447344 0.134739 0.304558
0 0.280555 0.335398 0.102658 0.143225
0 0.276888 0.305765 0.120990 0.143225
0 0.945044 0.743670 0.109913 0.248585
0 0.846091 0.886072 0.139322 0.220599
0 0.965667 0.501670 0.068666 0.314436
0 0.079363 0.700867 0.057745 0.100422
0 0.111444 0.570813 0.098075 0.199197
0 0.218685 0.293418 0.059578 0.134993
