0 0.147774 0.619858 0.072011 0.397105
0 0.281605 0.851099 0.220109 0.268772
0 0.268698 0.504843 0.164402 0.225188
0 0.233372 0.696131 0.164402 0.302671
0 0.254432 0.245756 0.171196 0.157389
0 0.471823 0.929787 0.192935 0.140426
0 0.333915 0.686446 0.194293 0.225188
0 0.349540 0.883787 0.198370 0.217923
0 0.446687 0.527846 0.183424 0.140440
0 0.426307 0.669496 0.134511 0.239716
0 0.542475 0.392249 0.067935 0.203395
0 0.440573 0.282077 0.138587 0.118647
0 0.399133 0.335347 0.123641 0.176760
0 0.282285 0.377721 0.191576 0.217923
0 0.170192 0.276023 0.084239 0.251823
0 0.768018 0.710659 0.089674 0.142861
0 0.795192 0.709449 0.086957 0.198552
0 0.715709 0.562956 0.099185 0.089591
0 0.735410 0.628333 0.070652 0.094434
0 0.614486 0.372878 0.100543 0.125911
0 0.601578 0.409199 0.107337 0.121069
0 0.581198 0.438255 0.080163 0.111383
0 0.694649 0.421305 0.073370 0.116226
0 0.063357 0.198539 0.126714 0.130754
0 0.067611 0.295394 0.093750 0.246980
0 0.023955 0.508475 0.047910 0.397105
0 0.447366 0.468522 0.184783 0.152546
