0 0.225899 0.368768 0.103261 0.274503
0 0.336633 0.245964 0.134511 0.197449
0 0.279567 0.238741 0.177989 0.139659
0 0.331198 0.385624 0.142663 0.139659
0 0.456198 0.675778 0.186141 0.248016
0 0.248317 0.787746 0.237772 0.414162
0 0.380790 0.874432 0.244565 0.211897
0 0.528161 0.834933 0.109387 0.330134
0 0.181049 0.730326 0.125632 0.351248
0 0.805960 0.708253 0.086643 0.134357
0 0.622927 0.378119 0.080145 0.107486
0 0.550905 0.399232 0.094224 0.126679
0 0.497836 0.352207 0.055235 0.170825
0 0.414984 0.299424 0.121300 0.126679
0 0.410111 0.352207 0.137545 0.174664
0 0.439353 0.504798 0.196029 0.241843
0 0.516248 0.496161 0.148376 0.117083
0 0.163179 0.398273 0.087726 0.320537
0 0.230327 0.517274 0.213358 0.174664
0 0.745310 0.708253 0.084477 0.172745
0 0.734187 0.539078 0.072718 0.111050
0 0.761650 0.619281 0.064208 0.142583
0 0.730319 0.609684 0.060341 0.148067
0 0.760102 0.813200 0.062661 0.065808
0 0.810386 0.847475 0.071944 0.087743
0 0.783697 0.798805 0.082001 0.086372
0 0.680422 0.734368 0.085869 0.122018
0 0.676941 0.418355 0.064982 0.087743
0 0.049369 0.183301 0.098738 0.128599
0 0.083034 0.301344 0.059567 0.214971
0 0.038539 0.508637 0.077077 0.357006
0 0.072745 0.820537 0.097473 0.358925
0 0.021752 0.843570 0.043503 0.312860
