0 0.478996 0.257748 0.118240 0.150097
0 0.405669 0.285483 0.132906 0.182726
0 0.326384 0.420081 0.183318 0.177832
0 0.270014 0.238986 0.167736 0.168043
0 0.468270 0.488174 0.123415 0.312378
0 0.431472 0.611595 0.190217 0.278117
0 0.167659 0.458429 0.144928 0.282148
0 0.210684 0.271002 0.140399 0.181381
0 0.471667 0.349601 0.127944 0.120921
0 0.540168 0.405022 0.090580 0.130997
0 0.623954 0.365723 0.097373 0.084644
0 0.228234 0.561212 0.195879 0.245872
0 0.226536 0.742592 0.199275 0.334547
0 0.228234 0.824943 0.137002 0.350113
0 0.368633 0.750654 0.234375 0.217657
0 0.504502 0.845097 0.114357 0.309806
0 0.369765 0.906565 0.252491 0.186871
0 0.753030 0.674071 0.072464 0.068522
0 0.712269 0.689186 0.110960 0.191458
0 0.756993 0.729493 0.093976 0.094721
0 0.796056 0.754685 0.052083 0.149135
0 0.505635 0.479590 0.170969 0.163243
0 0.708873 0.562219 0.099638 0.183396
0 0.657356 0.442306 0.112092 0.128982
0 0.692455 0.432230 0.066803 0.128982
0 0.049770 0.188025 0.099540 0.137849
0 0.048589 0.325874 0.088315 0.210402
0 0.066252 0.448004 0.058424 0.333741
0 0.070328 0.825575 0.110054 0.348849
0 0.023453 0.843713 0.046196 0.312573
