0 0.144899 0.641617 0.080660 0.382464
0 0.438666 0.644058 0.187901 0.244126
0 0.484496 0.695324 0.182401 0.265284
0 0.267264 0.498396 0.191567 0.209948
0 0.257640 0.257525 0.181485 0.154613
0 0.237933 0.652195 0.143905 0.384092
0 0.268181 0.873536 0.274060 0.198556
0 0.469831 0.927244 0.193401 0.143221
0 0.353882 0.744150 0.214482 0.359679
0 0.263139 0.329949 0.181485 0.107415
0 0.211352 0.395049 0.187901 0.143221
0 0.389171 0.323439 0.125573 0.198556
0 0.416668 0.436551 0.206233 0.128573
0 0.421251 0.294144 0.153071 0.130201
0 0.463414 0.390167 0.182401 0.192046
0 0.451957 0.544780 0.183318 0.169261
0 0.538116 0.393422 0.098992 0.214831
0 0.773680 0.705903 0.100825 0.149731
0 0.608694 0.391794 0.115490 0.166006
0 0.729226 0.563496 0.087076 0.118808
0 0.617402 0.367382 0.090742 0.074865
0 0.761306 0.674981 0.125573 0.224596
0 0.065614 0.197307 0.131072 0.135083
