0 0.264514 0.679539 0.167736 0.416673
0 0.165981 0.584841 0.106324 0.316210
0 0.231975 0.355094 0.098992 0.301388
0 0.430417 0.535433 0.195234 0.167987
0 0.325468 0.258749 0.168653 0.223982
0 0.543158 0.378975 0.057745 0.161399
0 0.474413 0.367446 0.114574 0.220688
0 0.405211 0.315568 0.093492 0.179515
0 0.425376 0.424265 0.175985 0.156458
0 0.463873 0.694361 0.203483 0.261861
0 0.391004 0.786589 0.257562 0.209160
0 0.333717 0.829409 0.119157 0.337620
0 0.237017 0.899471 0.235564 0.201059
0 0.458373 0.893706 0.150321 0.212587
0 0.545908 0.971045 0.121907 0.057642
0 0.614652 0.347683 0.090742 0.082346
0 0.653149 0.407796 0.063245 0.146577
0 0.713644 0.555196 0.085243 0.108697
0 0.738850 0.618603 0.104491 0.116932
0 0.751682 0.702596 0.108158 0.172927
0 0.789262 0.761885 0.100825 0.212454
0 0.242058 0.245574 0.161320 0.148223
0 0.146732 0.318862 0.060495 0.251980
0 0.055034 0.184637 0.110069 0.111991
0 0.100903 0.245574 0.098992 0.220688
0 0.022495 0.430029 0.044991 0.227276
0 0.058281 0.493436 0.105408 0.258568
