0 0.154982 0.636902 0.087993 0.414685
0 0.227392 0.627993 0.172319 0.357990
0 0.439583 0.687118 0.189734 0.249459
0 0.352049 0.736524 0.208983 0.338552
0 0.273680 0.874212 0.264895 0.192764
0 0.473039 0.920378 0.186984 0.149028
0 0.282388 0.967479 0.276810 0.065043
0 0.277347 0.510553 0.189734 0.217062
0 0.254432 0.248944 0.160403 0.150647
0 0.430875 0.529181 0.166819 0.144168
0 0.511077 0.539710 0.156737 0.158747
0 0.396045 0.338847 0.128323 0.187904
0 0.422626 0.288631 0.139322 0.139308
0 0.220976 0.394732 0.179652 0.160367
0 0.535825 0.395542 0.094409 0.194384
0 0.609611 0.370434 0.124656 0.098812
0 0.611902 0.385013 0.125573 0.105291
0 0.727392 0.558339 0.079743 0.098812
0 0.742058 0.619893 0.068744 0.089093
0 0.765431 0.703316 0.106324 0.149028
0 0.797053 0.698457 0.077910 0.152267
0 0.053660 0.189009 0.107319 0.140928
0 0.039452 0.523511 0.078905 0.359610
0 0.074780 0.271622 0.094409 0.199243
0 0.045449 0.896080 0.088909 0.200863
