0 0.449666 0.317291 0.076077 0.213051
0 0.584404 0.463969 0.175069 0.231078
0 0.435000 0.590161 0.195234 0.149136
0 0.334175 0.400873 0.136572 0.183552
0 0.315385 0.529523 0.157654 0.149136
0 0.599070 0.721269 0.237397 0.263856
0 0.729684 0.864322 0.100825 0.271356
0 0.472580 0.781087 0.231897 0.199940
0 0.457457 0.893002 0.302475 0.213996
0 0.224643 0.822059 0.142988 0.147497
0 0.270472 0.663090 0.131989 0.249106
0 0.752140 0.429553 0.090742 0.339243
0 0.630692 0.368915 0.203483 0.185191
0 0.576613 0.256654 0.144821 0.203218
0 0.534908 0.181267 0.156737 0.091776
0 0.693020 0.207488 0.133822 0.180274
0 0.725559 0.254196 0.134739 0.185191
0 0.417585 0.197655 0.114574 0.124553
0 0.329134 0.233710 0.106324 0.114720
0 0.221893 0.281237 0.053162 0.114720
0 0.154065 0.638507 0.133822 0.190107
0 0.091737 0.572133 0.111824 0.211412
0 0.101820 0.749130 0.111824 0.139303
0 0.323176 0.929057 0.180568 0.141887
0 0.908419 0.504940 0.095325 0.296633
0 0.860756 0.450039 0.102658 0.265494
0 0.872214 0.252557 0.114574 0.158969
0 0.832342 0.363179 0.058662 0.275328
0 0.940500 0.774532 0.115490 0.321215
0 0.892379 0.225516 0.134739 0.134386
0 0.978996 0.317291 0.040330 0.098331
0 0.255348 0.281237 0.043080 0.068832
0 0.226476 0.383665 0.054995 0.083582
