0 0.278263 0.671943 0.134739 0.234138
0 0.311719 0.492656 0.157654 0.232501
0 0.416668 0.574522 0.178735 0.180106
0 0.482663 0.369037 0.072411 0.224314
0 0.513369 0.159459 0.084326 0.175194
0 0.616943 0.346115 0.192484 0.201391
0 0.597695 0.489381 0.227314 0.186655
0 0.726934 0.850412 0.115490 0.296356
0 0.583946 0.679311 0.221815 0.212853
0 0.497328 0.748898 0.290559 0.243962
0 0.231059 0.768545 0.126489 0.188293
0 0.338758 0.905149 0.219065 0.189703
0 0.162314 0.651477 0.146654 0.248874
0 0.759931 0.426344 0.098992 0.325828
0 0.694395 0.222497 0.164070 0.170282
0 0.732892 0.266704 0.116407 0.196479
0 0.436375 0.206123 0.119157 0.121162
0 0.382754 0.319099 0.134739 0.203029
0 0.294303 0.428800 0.098992 0.268522
0 0.336008 0.220859 0.103575 0.117888
0 0.357548 0.256880 0.124656 0.094965
0 0.106861 0.580253 0.085243 0.191567
0 0.079363 0.718607 0.066911 0.111338
0 0.827759 0.826557 0.089826 0.346886
0 0.908838 0.625279 0.182323 0.216127
0 0.903836 0.217585 0.142988 0.127712
0 0.271847 0.359213 0.052246 0.224314
0 0.256723 0.283078 0.080660 0.085141
0 0.879088 0.354301 0.071494 0.171919
0 0.830050 0.400147 0.066911 0.240687
0 0.894212 0.433712 0.101742 0.203029
0 0.937292 0.467277 0.092576 0.188293
0 0.902919 0.935439 0.087993 0.129122
0 0.579821 0.250331 0.151237 0.186655
0 0.180646 0.551600 0.130156 0.134261
0 0.451040 0.870878 0.212649 0.255423
0 0.237475 0.388685 0.043996 0.185018
0 0.953293 0.872516 0.093414 0.170282
