0 0.477622 0.832287 0.240147 0.202737
0 0.275513 0.674603 0.129239 0.215610
0 0.208602 0.804129 0.123740 0.278362
0 0.391920 0.646445 0.156737 0.249399
0 0.138483 0.722069 0.086159 0.120677
0 0.082571 0.603001 0.076994 0.133549
0 0.096320 0.642422 0.073327 0.090105
0 0.194853 0.601392 0.138405 0.201128
0 0.330050 0.935452 0.181485 0.129096
0 0.597237 0.706783 0.261228 0.209173
0 0.564239 0.652076 0.281393 0.270316
0 0.570197 0.537835 0.221815 0.183429
0 0.696687 0.830678 0.197984 0.331459
0 0.253515 0.376128 0.077910 0.123895
0 0.470747 0.323030 0.186068 0.156076
0 0.497328 0.457384 0.208066 0.189865
0 0.413918 0.200744 0.118240 0.117459
0 0.352965 0.329466 0.119157 0.152858
0 0.508327 0.256256 0.143905 0.141594
0 0.533075 0.200744 0.158570 0.123895
0 0.308052 0.282000 0.122823 0.131940
0 0.327301 0.232925 0.113657 0.101369
0 0.220060 0.294068 0.086159 0.136767
0 0.659565 0.466234 0.171402 0.255835
0 0.640316 0.343948 0.195234 0.130331
0 0.714560 0.175000 0.158570 0.111023
0 0.768181 0.417963 0.076994 0.300888
0 0.722351 0.245797 0.146654 0.156076
0 0.876797 0.798498 0.158570 0.305715
0 0.869464 0.570820 0.110907 0.336287
0 0.882296 0.182241 0.118240 0.115850
0 0.916210 0.281196 0.164070 0.165730
0 0.959709 0.465429 0.080582 0.305715
0 0.059198 0.565993 0.063245 0.149639
0 0.091737 0.445316 0.054995 0.130331
