0 0.196228 0.248799 0.108158 0.257792
0 0.196228 0.435165 0.131989 0.266002
0 0.133900 0.625636 0.086159 0.407214
0 0.187979 0.756169 0.150321 0.487661
0 0.291095 0.777515 0.147571 0.444970
0 0.342424 0.256188 0.156737 0.197039
0 0.395128 0.410535 0.163153 0.193755
0 0.432709 0.580481 0.196150 0.254508
0 0.466164 0.771773 0.224565 0.200323
0 0.398336 0.922010 0.202566 0.155979
0 0.481746 0.493456 0.123740 0.333324
0 0.589904 0.336646 0.121907 0.157631
0 0.497787 0.868650 0.131989 0.252866
0 0.585321 0.880140 0.123740 0.239721
0 0.794762 0.747143 0.082493 0.151063
0 0.739766 0.686390 0.078827 0.154347
0 0.663689 0.430239 0.069661 0.170767
0 0.724184 0.510697 0.086159 0.144495
0 0.734725 0.587049 0.054079 0.096877
0 0.414835 0.314479 0.107241 0.123149
0 0.095403 0.200361 0.058662 0.243015
0 0.030286 0.403146 0.060573 0.254508
0 0.022954 0.271787 0.045908 0.172409
0 0.069281 0.449943 0.061412 0.269286
0 0.269097 0.232379 0.138405 0.126433
0 0.507869 0.451585 0.109991 0.275854
0 0.558281 0.373591 0.086159 0.083741
0 0.541325 0.479499 0.088909 0.157631
0 0.756265 0.666686 0.097159 0.131359
